function y = poli(x)
  y = 100*x^(2)-393900*x+387899000;